"151673_Layer1" "151673_Layer2" "151673_Layer3" "151673_Layer4" "151673_Layer5" "151673_Layer6" "151673_WM"
"ENSG00000104419" 7.22868851079337 7.09432748024821 7.21187802604172 6.91598638384038 7.28767645681689 8.3215314202568 9.81534618634848
"ENSG00000184007" 8.0089204652496 8.02294576304545 7.96589085959842 8.17962173613872 8.13930300973323 8.53329920423026 9.90226621423692
"ENSG00000240583" 5.09204263262305 5.17213828629444 4.45126385726333 3.39296018271481 4.11617307222694 6.31959474737322 8.60394245869121
"ENSG00000160781" 8.12039531540155 7.81409474693075 7.42716198046278 7.75358947582785 7.82826112021366 8.99984522678446 10.7169047869792
"ENSG00000136938" 6.96757659044023 6.15199155314708 6.30216305535486 6.33698500011649 6.34786803654743 6.63790573597589 8.28954277203912
"ENSG00000166086" 5.88115510947839 6.02267792344528 5.94868233836904 5.90518264319003 6.33669218379439 7.15434133481665 9.14279934293782
"ENSG00000019144" 5.40548628379087 6.02267792344528 5.41790649410507 5.70943586364414 5.86284648057383 6.83494290135892 8.8947806906583
"ENSG00000109099" 7.18832132397594 6.7507398843703 6.70405098297909 6.86983544634079 7.16667100554622 8.26234234232329 10.1745913890345
"ENSG00000129422" 6.76289804400529 5.95339769601834 5.45516102412659 6.03632348527496 5.74943364430418 6.61285102427301 8.60394245869121
"ENSG00000126822" 5.662836545987 5.28922788911356 5.37966438669075 5.65604813895256 5.47145887904691 6.02893993565028 8.19893413219497
"ENSG00000172005" 6.15693695659177 6.21254651416802 6.32246564070583 6.52739754462609 6.91193222110535 8.27437601970695 10.2819480855742
"ENSG00000005893" 7.1467920534908 6.70931367683586 6.96305408688738 7.08710682198917 7.38853045866775 8.41145589050086 10.193781549723
"ENSG00000130175" 7.67091915800885 7.42377924222029 7.37303656607713 7.3947400750659 7.48785288979071 7.73302025500129 8.96862971665092
"ENSG00000065600" 4.90542746730253 4.02160606751722 4.15179358277027 4.68437922095782 4.26508248079328 5.61495308277625 7.18034590914107
"ENSG00000143418" 6.76289804400529 5.98845363641905 5.84957111710942 6.15653061263053 6.06598819161923 7.0922484866763 9.01915648613692
"ENSG00000117691" 8.75290024080351 8.7711747360312 8.7052786643847 8.76922395382627 8.88768403991693 9.25999116435628 10.392126943888
"ENSG00000139737" 6.64852742884619 6.62271226604619 6.67802599949865 6.52739754462609 6.81056181970967 7.89246479183298 9.65630262628767
"ENSG00000129538" 8.05454911957497 7.24688384103757 7.59511261614439 7.93262688393444 8.0633699797968 9.26603036341021 11.2207730208281
"ENSG00000165566" 6.81685373221265 7.18778270159343 7.17885310430419 6.91598638384038 7.09552129426176 7.9486145320817 9.46543213257802
"ENSG00000070214" 7.05996536295845 7.26128842477093 7.12207395783613 7.08710682198917 7.10213641098816 8.25020744584696 10.0177655177806
"ENSG00000176485" 7.34342562803813 6.92371059611993 6.89690074705229 6.79771699310667 6.76125968262287 7.82861041158149 9.95858464540542
"ENSG00000060237" 7.30618467948384 7.37162298228589 7.2191153537437 7.25809360289761 7.4153380522427 7.83945100958257 8.98227748626555
"ENSG00000187514" 10.6046281532084 10.2548372065616 10.063582719281 10.0521905982943 10.1426975296558 10.5981676722477 11.685003613242
"ENSG00000163517" 7.41514200818714 6.99439648579327 6.97164970430139 6.96070662964071 7.12829766741123 7.28696947920044 8.55455179978562
"ENSG00000102934" 6.64852742884619 6.18258672329869 6.45710566685827 6.93851977796778 6.71021291606499 7.95859287301895 10.1123403289028
"ENSG00000115468" 7.01451041113545 6.53057852811186 6.38171342868837 6.82215924166947 6.64828175687293 7.93351641235396 9.80001534765189
"ENSG00000068903" 8.18336693954707 8.20535071837144 8.15700717678869 8.31495151765374 8.30615482571792 8.92548430888142 10.3119814269296
"ENSG00000173786" 9.32748416660258 8.74578847418375 9.08090837921947 9.09926762459657 9.56437376881269 10.7502372699576 12.8835516707667
"ENSG00000165476" 6.31527178003647 5.23187064064617 5.09497962433353 4.78728103100773 5.10063787762981 6.42411167251697 7.93688131986469
"ENSG00000124920" 5.88115510947839 5.34439171084473 5.37966438669075 6.23144194772865 6.34786803654743 7.46552176361087 9.53421945625926
"ENSG00000109846" 9.8644421689261 9.01167473346491 9.199995856462 9.55068659751761 9.69044439465787 10.7408722050758 12.9804509897149
"ENSG00000071054" 7.51644518804618 6.95948641096436 6.94133828094778 6.69558373952782 6.88149304643731 7.67368236850644 9.06155912826315
"ENSG00000124126" 7.10403180334214 6.60022455093858 6.67276418858079 6.91598638384038 6.80246091257779 7.72134631770081 9.39064369079056
"ENSG00000064787" 6.96757659044023 6.32652648381705 6.49933110079365 7.18458897660044 7.17296849079054 8.48578944634609 10.306567118197
"ENSG00000005513" 6.23827542177844 6.32652648381705 5.96599323871806 5.99392071998122 6.54524921342535 7.27902800977878 9.08388540130716
"ENSG00000168314" 7.61109938610716 6.86832635511805 6.95006386696607 7.62055993889437 7.78780049416243 9.46814457649643 11.6928066515277
"ENSG00000169504" 6.81685373221265 5.44876824423049 5.49147770239613 5.48289743967477 5.73247872227886 6.94944769692482 8.46017504141314
"ENSG00000250722" 8.0089204652496 7.11032983310443 7.12207395783613 7.32803406250725 7.48279241293258 8.80345633176323 10.6617833766442
"ENSG00000064393" 6.91906442592778 6.77101528801901 6.65686262094989 6.84619427726242 7.03457932729981 7.96355628171313 9.38551720190034
"ENSG00000107331" 7.91309135963239 8.11306358813471 8.10326090588683 8.00913626612471 7.99392798062499 8.78675076022315 10.5169291607528
"ENSG00000167641" 7.98555330572442 6.8301859027917 7.24416385702928 7.62055993889437 7.82426573989561 9.12695233438219 11.4156794846449
"ENSG00000065809" 5.09204263262305 4.7500928848117 4.99733385039945 4.68437922095782 5.79913467041034 6.97916104300766 9.04864439721651
"ENSG00000184144" 7.1467920534908 7.09432748024821 7.22631655629796 7.41094555763937 7.42592315149799 8.3559132652653 10.2750342426655
"ENSG00000179403" 7.10403180334214 6.05610910402716 5.81177301286747 5.65604813895256 6.43428859925005 7.21387164978978 9.1669030691902
"ENSG00000130150" 3.21366236369226 4.5766511254384 4.15179358277027 4.01858846835824 4.74252352146543 5.06940293448208 6.58849941893659
"ENSG00000100842" 5.40548628379087 5.04469953162991 3.95777565249877 4.32260298530431 4.21713369954908 5.84752509952996 7.86503342856496
"ENSG00000066468" 7.05996536295845 6.64485483154311 6.66218264162122 6.91598638384038 7.02764631403296 7.7503559319586 9.75102868362583
"ENSG00000126803" 6.457935220164 5.72303521939685 5.82131578399524 6.03632348527496 6.47563205384176 7.9284483882015 10.1967113566053
"ENSG00000080822" 7.78359537352364 7.15729869444278 7.83068341103285 8.14128206317717 8.36234262236768 9.55456273290415 11.4868218208105
"ENSG00000180739" 3.21366236369226 3.10780688141094 3.4185051212655 4.17858895480363 4.70824630906326 5.51030054914858 7.89420334429073
"ENSG00000125144" 9.46055254741771 8.24212686535324 7.49730092075891 7.27589915104612 7.12829766741123 7.73882199018916 7.75802756695859
"ENSG00000026025" 9.90236981904888 8.5543547285971 8.14565748077931 7.32803406250725 7.86761790812787 8.0914938606239 8.37479545072494
"ENSG00000164434" 8.41090946613187 7.24688384103757 7.0629683192362 6.30265479570523 6.43428859925005 6.19006946341789 6.2703142833326
"ENSG00000259527" 4.43912872440513 1.33579320173758 0.457102687227774 0 0 0 0
"ENSG00000198417" 8.03191517420367 7.01153976953645 6.44481072730298 6.19447244302592 6.09280709448743 6.69870254692393 7.22694862992799
"ENSG00000101335" 8.83363781509999 6.32652648381705 5.99157624948506 6.15653061263053 6.30263559951188 5.56357553971113 5.45470361970923
"ENSG00000117525" 7.30618467948384 6.90548440627355 6.41990197191428 6.46667683245693 6.56453802515945 6.77973091153412 6.41821749565971
"ENSG00000179604" 7.8367965200905 7.14181169154705 6.69888340829863 6.33698500011649 6.53550722838217 6.7570405777313 6.55235788339318
"ENSG00000018625" 9.85802280904197 9.33814871908901 9.24500826669713 9.19127466576007 9.23481769051001 9.31539747818202 8.95830848958162
"ENSG00000125398" 7.41514200818714 6.50659545568842 6.36875592612806 5.81062660786313 5.99667517560587 6.40963632083971 6.47723968674637
"ENSG00000105894" 9.46900215131434 8.82550021553835 8.68189747454788 8.47765708212492 8.50145063573287 8.52660713635464 8.92336116106283
"ENSG00000120885" 12.8742633665709 12.4336146832115 12.4210792749022 12.2712975989271 12.2253545683723 12.4927810402247 12.2372866488258
"ENSG00000163132" 5.53989214215466 4.26975930102769 3.25912017743519 2.26359683643679 2.25434023510543 3.38269413423661 4.04227590899807
"ENSG00000122786" 8.14169272414937 5.44876824423049 5.52690259098472 5.21403854023346 5.73247872227886 6.10278285411953 6.20197053508849
"ENSG00000133392" 6.86886405564855 3.54460847810707 2.94674554864879 1.5365183756912 1.17444062727231 2.40229977579263 1.75740353436194
"ENSG00000100427" 8.20376114039725 7.58133450868338 7.27574295579932 7.25809360289761 7.17296849079054 7.66151620002888 8.05136616722161
"ENSG00000187479" 7.30618467948384 5.10982559560865 5.5728219980311 5.35472197519935 5.57018906509906 5.33754548514978 5.63831330863458
"ENSG00000205364" 8.6964504732427 8.04808686744255 7.61719444391347 7.3947400750659 7.59021771375799 8.02182225582594 8.18719720678817
"ENSG00000189056" 7.88810538271248 6.7507398843703 5.04698269828751 4.88332937587897 4.35644876765883 3.87937703703169 3.68979734674738
"ENSG00000130287" 8.18336693954707 7.97130974181586 7.52676378879145 7.42697102768865 7.38853045866775 7.63687167858025 7.31586738972762
"ENSG00000101439" 13.0764943761915 12.4851497799394 12.3650906112604 12.282900991049 12.2979191331238 12.69563193385 12.5612167003938
"ENSG00000136802" 7.93765196202398 7.63762827886721 7.31680111602959 7.3617725708914 7.29346830337184 7.3640686739268 7.20383543466171
"ENSG00000152661" 9.30877695726924 8.56019191800741 8.32909057613618 8.09187868781939 8.4084398148631 8.58252407512114 8.5222175252177
"ENSG00000164707" 3.21366236369226 2.01731066261563 0.457102687227774 0 0 0 1.13122434280001
"ENSG00000120149" 4.13373215869195 1.33579320173758 0 1.5365183756912 0.703567425417881 1.83668005212675 1.75740353436194
"ENSG00000078549" 7.05996536295845 7.04522704871727 6.97592838413091 6.72180285889995 6.87378183475566 6.74556016691713 7.00425049708705
"ENSG00000105854" 8.07683344675567 7.34482029399063 7.0304264017916 6.84619427726242 7.21629759152512 7.40842492166 8.09598783983244
"ENSG00000123836" 7.01451041113545 5.49825484084193 5.53852018980676 5.81062660786313 6.09280709448743 6.04775801313607 6.87852503758404
"ENSG00000077942" 6.81685373221265 5.39752370483409 5.14143102388119 4.78728103100773 5.53150394076109 5.42650728633344 5.45470361970923
"ENSG00000135821" 11.1212226423059 10.5905007738764 10.6059274209503 10.5769108188279 10.5989336596057 10.7234215003392 11.0968662270064
"ENSG00000185432" 7.72835700477202 7.42377924222029 7.09872147019985 7.1463828416783 7.2524284222742 7.73302025500129 7.11989233644371
"ENSG00000107796" 8.26326899835968 5.39752370483409 4.61384247917971 4.78728103100773 4.84072392239944 4.43128661304904 5.41500121931095
"ENSG00000205336" 8.32041921990351 7.83350487187582 7.61170559201744 7.62055993889437 7.4364311528707 7.59909710829851 7.48837706855257
"ENSG00000173905" 6.81685373221265 6.08878310572273 6.15897970238778 6.4032877653071 5.96798986077048 6.72232158597004 6.75675776076772
"ENSG00000136205" 6.38836622276333 5.59240946290022 5.73306955462173 5.35472197519935 5.55097616425575 6.24001401032385 5.2888847885741
"ENSG00000163453" 9.25115430759236 8.49464587267732 8.39127951405412 8.24435810090498 8.37058518739567 8.63324287743857 8.58170154611283
"ENSG00000184113" 7.8367965200905 7.12615663353545 7.24061201603147 7.18458897660044 7.13476452314826 6.91910949103361 6.92166243685578
"ENSG00000111275" 8.95890515932961 8.45132886890507 8.39288040525848 8.19841614114457 8.32324212307923 8.57929415804952 8.46989543215211
"ENSG00000262920" 3.21366236369226 0 0 0 0 0 0
"ENSG00000114698" 5.53989214215466 3.34267610392821 4.15179358277027 4.68437922095782 4.16753636606863 4.18156438538367 5.05059004331188
"ENSG00000163346" 7.810441165093 6.92371059611993 6.80850188979661 6.86983544634079 6.69278790641818 7.12805665797108 7.43974448654302
"ENSG00000092820" 8.49605733008079 7.23233398307783 7.28611756030069 6.86983544634079 7.04147918256833 7.47944975374132 7.9646476675059
"ENSG00000187193" 8.32041921990351 7.79441991125535 7.8976169199036 7.60655662348066 7.64560787481558 7.90799635897266 8.83586295011842
"ENSG00000149596" 3.21366236369226 0 0 0 0 0 0
"ENSG00000068078" 8.09877879249804 7.46169516597714 7.28266764162135 6.98255743661279 7.34457445037615 7.52716532271033 7.65953426617173
"ENSG00000205358" 6.23827542177844 4.97649398900342 3.31422831050749 2.26359683643679 2.86498196379929 2.80756775812866 4.04227590899807
"ENSG00000119711" 8.22387105909226 7.3175102185688 7.13360996448598 7.25809360289761 7.19169767320544 7.27104258361162 8.09598783983244
"ENSG00000134250" 6.07073722693058 5.44876824423049 5.15658830412682 5.13819374891686 5.32079726619195 5.30662927534178 5.53097371541738
"ENSG00000149591" 8.59201482715642 5.63727843098311 5.37966438669075 5.48289743967477 5.66259329882853 5.51030054914858 6.67508015082771
"ENSG00000131477" 6.91906442592778 5.49825484084193 5.44284942979482 5.21403854023346 5.27469423856476 5.68874359614103 5.45470361970923
"ENSG00000165617" 5.09204263262305 6.12073346879583 4.08997535176174 3.39296018271481 3.19705512054682 4.24816275148517 3.39555151611233
"ENSG00000117400" 0 2.01731066261563 0.803693482778239 0 0.703567425417881 0 0
"ENSG00000168952" 6.81685373221265 7.87155882740938 6.78918081876848 6.5856655047219 6.47563205384176 6.24001401032385 6.62375764145738
"ENSG00000197555" 7.51644518804618 8.24212686535324 7.61445262831242 7.31086424487952 6.99247250466048 7.40112627284048 6.80363305710667
"ENSG00000111885" 6.23827542177844 6.73017546688705 5.62823928048462 4.68437922095782 4.96205312951713 4.48750306248666 3.93407734409397
"ENSG00000123064" 6.58775197976514 7.18778270159343 6.70920011401984 6.26748771915488 6.46540673221403 6.54824182664153 6.60623623758525
"ENSG00000162545" 11.604164809666 12.1240206140094 11.5359869101921 11.0643747891153 10.9587609067631 11.0783036673625 10.9396120398617
"ENSG00000135919" 8.94685668969044 9.49569370732692 8.87753786826127 7.76624188466807 7.93586269423077 8.44022684673989 7.56293226851543
"ENSG00000075891" 0 2.01731066261563 1.31679947404873 0 0.703567425417881 0 1.13122434280001
"ENSG00000141404" 7.10403180334214 7.80429086841947 6.77451828996366 5.90518264319003 5.87834431141646 6.3653178801669 5.15067829258837
"ENSG00000115756" 9.11780082285004 10.3789192323829 9.27483370561341 7.63442863868788 7.800058271585 8.80345633176323 8.17536401288209
"ENSG00000065150" 7.69992390828757 8.28505543847154 7.90436709290854 7.89855288033122 7.57127144587373 7.52716532271033 7.31586738972762
"ENSG00000144119" 6.07073722693058 7.54647278632225 5.87728367977243 4.68437922095782 4.90266360835715 4.59376253591868 4.6327864862569
"ENSG00000100884" 7.51644518804618 8.06460745561723 7.51798793363031 7.06679429246519 6.96370266570972 6.83494290135892 6.58849941893659
"ENSG00000169085" 7.91309135963239 8.82550021553835 8.44009927688413 8.03027099859794 8.28886271800258 8.4223123480087 8.2335826494872
"ENSG00000133641" 5.97905801339119 6.81073077000215 6.02499617999374 5.99392071998122 5.87834431141646 5.93098157301931 5.60341334152853
"ENSG00000156011" 8.35729916615974 9.27920634932554 8.80243447282003 8.56714317504682 8.6306068925363 8.6301246579243 8.30591612160505
"ENSG00000113231" 7.01451041113545 7.42377924222029 6.43862374048258 6.43533041911383 5.89367742809381 6.63790573597589 6.41821749565971
"ENSG00000125869" 7.26795688304522 8.05637080896877 6.80369582608033 6.30265479570523 5.60786389921616 5.53718394388289 4.82681525600245
"ENSG00000120049" 7.01451041113545 7.76439522874979 6.66218264162122 6.49735661959566 6.13212322484939 6.43844322664634 5.53097371541738
"ENSG00000100095" 8.30161957484723 8.87317235162708 8.21968820670899 7.80354666255566 8.20837605966219 8.44022684673989 7.51678867671633
"ENSG00000120251" 8.97085384062163 9.86221387202581 9.3509302574506 9.00633356964917 8.9767686126861 9.06132967467 8.30591612160505
"ENSG00000122644" 5.97905801339119 6.79100968901679 6.14384765801647 5.85867915199778 5.47145887904691 5.78160350495414 5.67238891972743
"ENSG00000198171" 7.78359537352364 8.43235875434603 7.9288509775456 7.3450019395006 7.45722029790543 7.58628254889679 7.58992622390736
"ENSG00000230051" 2.36135090886481 4.82957357618409 3.46794689826863 2.26359683643679 1.81315813492708 2.61911771939608 1.13122434280001
"ENSG00000179388" 7.18832132397594 8.27088737193276 7.62810989381682 7.04619168213353 6.86602918502607 7.0740055012696 5.37417523084447
"ENSG00000105376" 7.54869155494371 8.00593827918309 7.50915836841705 7.32803406250725 7.03457932729981 7.27104258361162 6.37748371698774
"ENSG00000153956" 6.58775197976514 7.64862816339966 7.09479237279719 6.55682567246194 6.82662843522369 7.0922484866763 6.4381610619317
"ENSG00000100354" 6.31527178003647 6.90548440627355 6.35568099081013 6.26748771915488 6.24402476678049 6.40963632083971 5.73821668529133
"ENSG00000169851" 7.91309135963239 8.70421777360148 7.8068635427334 7.3947400750659 8.09687648167286 7.76179839397369 6.49638908690566
"ENSG00000129911" 6.91906442592778 7.28967317459922 6.65686262094989 6.19447244302592 6.32542908085275 6.72232158597004 6.17845037718269
"ENSG00000139220" 8.75290024080351 9.31761939158525 8.77813961126358 8.53052942713785 8.43750123764228 8.60175318046207 8.13927069670954
"ENSG00000180305" 0 2.47830572678087 1.31679947404873 0 1.17444062727231 0 0
"ENSG00000134138" 5.25726021564623 6.24189677997561 5.58407706013654 4.45353693609818 4.84072392239944 6.12066777694881 5.56764814189872
"ENSG00000140090" 5.40548628379087 6.18258672329869 5.25845160788488 4.57357022884811 3.82772371604215 4.78534141574832 3.68979734674738
"ENSG00000250067" 8.75290024080351 9.24699849132392 8.80484160788227 8.37400845700851 8.42963327456777 8.44733082049014 7.49790990906948
"ENSG00000224116" 3.21366236369226 4.37947186850289 2.94674554864879 3.10496447509725 2.59173065029764 3.12360222927659 0
"ENSG00000214381" 0 2.8271216675268 1.31679947404873 0 0.703567425417881 0 1.13122434280001
"ENSG00000181195" 5.662836545987 6.97704703926583 5.35359461267447 3.39296018271481 2.86498196379929 3.4966521317715 3.39555151611233
"ENSG00000169181" 5.662836545987 6.38030832528862 5.39252471858835 4.57357022884811 5.15254736327805 5.99055100389175 5.24427102718521
"ENSG00000133401" 7.05996536295845 7.21763589075069 6.35568099081013 5.21403854023346 5.76619162006126 6.35023727523325 5.49334262457106
"ENSG00000128512" 7.75624054604001 7.73373238215308 7.45501514479747 7.20331920072319 6.76959459818173 7.18015568340528 7.23836783466101
"ENSG00000137825" 7.86267903673642 8.90103737393288 8.13994897314803 7.20331920072319 7.38310864200074 7.91825861496045 5.7056782213215
"ENSG00000111907" 6.457935220164 7.04522704871727 6.21072586961947 5.76091824480267 5.86284648057383 6.02893993565028 6.05472921159686
"ENSG00000174640" 5.25726021564623 5.84280947544178 4.18173694132495 3.83860397700947 3.19705512054682 3.96106176346306 2.52651511150797
"ENSG00000064218" 2.36135090886481 3.87943915793292 1.85178900025299 1.5365183756912 1.17444062727231 0 0
"ENSG00000005882" 7.61109938610716 8.18282646394517 7.88629596890788 7.50453222711334 7.69019532545556 7.78441460383887 7.2941461904096
"ENSG00000186642" 8.18336693954707 8.78120546938828 8.46466467804994 8.18904954344305 8.21143851577951 8.19218792161999 7.39962246743701
"ENSG00000272733" 2.36135090886481 2.8271216675268 2.1226857209443 0 1.17444062727231 0.893199404023387 1.13122434280001
"ENSG00000132600" 6.70684579065622 7.26128842477093 6.35568099081013 6.23144194772865 6.65729350351811 7.0922484866763 6.51528763631785
"ENSG00000164326" 7.30618467948384 7.94478173035333 8.10716703838571 6.46667683245693 5.74943364430418 5.53718394388289 4.94303698891712
"ENSG00000007516" 8.12039531540155 7.75424651953727 8.3605201093758 7.91000053368534 7.22238258439634 7.69174138907167 7.36878130112097
"ENSG00000141433" 5.77612157719996 6.64485483154311 6.86495945749907 5.99392071998122 4.90266360835715 6.04775801313607 3.93407734409397
"ENSG00000233123" 6.23827542177844 7.15729869444278 7.0467891118813 6.03632348527496 5.58914945970621 5.20969496092313 4.6327864862569
"ENSG00000070729" 0 1.33579320173758 2.45243351524483 1.5365183756912 1.52886146736678 0.893199404023387 0
"ENSG00000159674" 5.662836545987 5.8806219712771 5.830795848583 4.97338043734294 4.74252352146543 4.31182195278139 4.32532370273469
"ENSG00000183090" 4.13373215869195 5.84280947544178 5.52690259098472 3.63292134018501 3.4668134829855 2.80756775812866 2.52651511150797
"ENSG00000154975" 7.51644518804618 7.91775677470551 8.21968820670899 7.97684205444906 7.1412025206241 7.37900613134318 6.31414191147493
"ENSG00000112335" 9.41754587543744 9.49569370732692 9.79113813372465 9.43658795407974 9.42094054140042 9.40021244257973 9.15791129842789
"ENSG00000162981" 7.26795688304522 8.0890389507326 8.13804110673989 7.45849762249808 7.06875326998238 7.1012841958894 6.02865885135725
"ENSG00000223930" 0 2.01731066261563 1.51798650537847 1.5365183756912 0 0 0
"ENSG00000104327" 6.38836622276333 7.33122987744554 7.44887185811902 6.07751547734709 5.34330781855621 5.30662927534178 5.05059004331188
"ENSG00000115290" 2.36135090886481 3.54460847810707 4.54639619365786 3.10496447509725 3.38237693952497 1.83668005212675 1.75740353436194
"ENSG00000069122" 5.25726021564623 5.04469953162991 5.91342465198161 5.28609441001098 4.80872743824496 4.48750306248666 3.93407734409397
"ENSG00000187664" 8.07683344675567 7.93582954294232 8.29525005203807 8.15096292360097 7.43118671916191 6.94944769692482 5.49334262457106
"ENSG00000165621" 0 2.01731066261563 2.24117553304778 2.26359683643679 1.81315813492708 0 0
"ENSG00000171476" 9.61319816826722 10.1923138820048 9.96908834524361 9.30836548676453 8.57224607992234 8.71792413901436 7.61642436412024
"ENSG00000152578" 8.18336693954707 8.37390422056225 8.28494114748491 7.63442863868788 7.42064030974967 7.0740055012696 6.7725526929959
"ENSG00000248673" 3.21366236369226 2.01731066261563 1.85178900025299 0 0.703567425417881 0 0
"ENSG00000185352" 7.61109938610716 8.24212686535324 7.74302602999847 7.27589915104612 6.65729350351811 6.52156560802507 5.24427102718521
"ENSG00000226091" 5.09204263262305 4.97649398900342 5.32704507007451 4.68437922095782 4.00761194009693 4.24816275148517 3.39555151611233
"ENSG00000113319" 7.96180143137415 8.38710033130335 7.85179013348876 6.89309544977758 6.33669218379439 6.82406824767684 6.75675776076772
"ENSG00000231689" 0 2.01731066261563 1.69452045800458 2.26359683643679 0.703567425417881 0 0
"ENSG00000164983" 6.76289804400529 7.3175102185688 7.22272044811041 6.43533041911383 6.58357234457853 6.40963632083971 5.97506076836364
"ENSG00000134757" 0 2.01731066261563 2.24117553304778 0 0 0 1.13122434280001
"ENSG00000170419" 8.12039531540155 8.33357583657663 8.32741727013757 8.14128206317717 7.35014275150774 6.69870254692393 6.10549780301384
"ENSG00000271797" 0 0 0.457102687227774 0 0.703567425417881 0.893199404023387 0
"ENSG00000165828" 4.13373215869195 4.26975930102769 3.69254196202018 3.39296018271481 2.25434023510543 1.83668005212675 2.19261605404107
"ENSG00000117643" 6.86886405564855 6.70931367683586 6.96305408688738 6.79771699310667 5.99667517560587 5.80391373595198 5.56764814189872
"ENSG00000254664" 4.13373215869195 5.04469953162991 4.59170889070182 3.83860397700947 2.05054829298112 1.44072942100881 1.13122434280001
"ENSG00000149654" 6.76289804400529 7.3036588355994 7.06698492874369 6.72180285889995 6.31407735466679 5.61495308277625 5.10150195783643
"ENSG00000163827" 4.13373215869195 4.97649398900342 4.75994141533757 4.45353693609818 3.89021209676281 2.40229977579263 1.13122434280001
"ENSG00000003249" 7.93765196202398 7.96252115922235 8.08357001147984 7.88701366386432 7.7248989586779 7.50690872226894 6.22511338842727
"ENSG00000237505" 0 1.33579320173758 1.85178900025299 0 1.17444062727231 0 0
"ENSG00000236948" 2.36135090886481 1.33579320173758 1.31679947404873 0 1.52886146736678 1.44072942100881 1.13122434280001
"ENSG00000162631" 4.90542746730253 5.44876824423049 6.46321406608744 5.85867915199778 5.45087536536461 4.43128661304904 3.93407734409397
"ENSG00000219438" 8.09877879249804 8.04808686744255 8.10911614579915 7.94380836385924 7.39931334476988 7.18865883227308 7.49790990906948
"ENSG00000231013" 3.74583309233021 2.01731066261563 3.25912017743519 1.5365183756912 1.52886146736678 0 1.75740353436194
"ENSG00000171475" 7.37972939995475 7.33122987744554 7.2299037229935 7.3947400750659 6.78612134508806 6.7909436412312 6.37748371698774
"ENSG00000275830" 2.36135090886481 4.26975930102769 4.21107143648655 3.39296018271481 2.25434023510543 2.40229977579263 1.75740353436194
"ENSG00000111249" 7.44970615804913 7.33122987744554 7.19729353255701 6.43533041911383 4.80872743824496 4.43128661304904 3.68979734674738
"ENSG00000127445" 9.7854577886169 10.0911202200845 10.2627662038019 10.1325667298287 10.025788545432 9.70143068072175 9.10587142529783
"ENSG00000105251" 4.90542746730253 4.66597684752157 5.40527142429521 5.35472197519935 4.74252352146543 4.03836832154548 3.68979734674738
"ENSG00000162951" 6.52430325604576 6.66666268243378 6.75970521021697 6.11756392605241 5.89367742809381 5.51030054914858 4.32532370273469
"ENSG00000256713" 0 1.33579320173758 1.08293853470791 0 0 0 0
"ENSG00000113966" 5.77612157719996 6.27066182830553 6.43862374048258 6.11756392605241 6.0523894375184 6.00987315325266 4.48723033255663
"ENSG00000127588" 4.43912872440513 4.26975930102769 5.63907179581311 5.13819374891686 5.04679070466516 4.37279048746455 2.19261605404107
"ENSG00000188674" 6.91906442592778 7.56980728277628 7.53258484119953 7.08710682198917 6.97094909027668 6.69870254692393 5.2888847885741
"ENSG00000184224" 0 0 0.803693482778239 0 0 0 0
"ENSG00000136842" 7.01451041113545 7.38483988030579 7.01803141822409 6.52739754462609 5.73247872227886 5.53718394388289 4.99781554542711
"ENSG00000139190" 7.18832132397594 6.77101528801901 7.7329492364826 8.68510665949085 7.69019532545556 6.69870254692393 6.24789085157644
"ENSG00000138472" 2.36135090886481 0 1.08293853470791 2.74476548981581 2.25434023510543 0.893199404023387 0
"ENSG00000100285" 7.67091915800885 7.06178023038146 8.41510833350592 9.5285773674722 8.32324212307923 6.99863531390118 5.8907344056902
"ENSG00000234919" 3.21366236369226 2.01731066261563 2.54749123983543 3.39296018271481 2.25434023510543 1.83668005212675 0
"ENSG00000105711" 8.62263291280655 8.49464587267732 9.22986109180599 9.82916349499514 9.25276577770818 8.89722883399752 7.16845615350131
"ENSG00000165553" 6.76289804400529 5.76407481276972 6.60807845595605 7.00408222673603 5.66259329882853 5.27503601173072 4.48723033255663
"ENSG00000100362" 7.48346155683643 6.66666268243378 7.86338402058042 8.77549584029786 8.21143851577951 7.32603404840763 5.60341334152853
"ENSG00000146242" 6.23827542177844 6.99439648579327 7.02217492313941 7.3450019395006 6.2677555907193 5.30662927534178 4.88609614106283
"ENSG00000148942" 0 0 0.457102687227774 1.5365183756912 0.703567425417881 0 0
"ENSG00000104722" 9.04053944425457 8.89643041837384 10.0448670639807 10.566097665782 9.76424791467323 9.05669202104405 7.63382321045952
"ENSG00000114805" 3.21366236369226 5.04469953162991 5.32704507007451 6.96070662964071 5.84718035825804 4.59376253591868 3.81710142787482
"ENSG00000118194" 5.53989214215466 5.04469953162991 6.16648661928249 6.23144194772865 5.42999392256493 4.73977854943135 3.68979734674738
"ENSG00000005022" 8.52875746858827 8.5128194245312 8.84983023503004 9.07912679009187 8.92547331413006 8.55647997058504 8.42562846176103
"ENSG00000198963" 6.38836622276333 5.91746867495774 6.83229494494391 7.99845164961094 7.59959835246218 5.84752509952996 4.6327864862569
"ENSG00000196090" 5.88115510947839 6.15199155314708 6.77942237594212 7.32803406250725 7.10872133414623 6.04775801313607 5.49334262457106
"ENSG00000143858" 5.09204263262305 4.97649398900342 6.2323469675583 7.31086424487952 5.86284648057383 4.18156438538367 3.81710142787482
"ENSG00000141750" 6.07073722693058 5.68079392659497 6.40728444293726 7.3450019395006 6.87378183475566 6.04775801313607 4.6327864862569
"ENSG00000127838" 8.39325979378014 8.34714427528366 8.59137710570524 8.80645268727175 8.57700281483977 8.47540199217228 8.36441032865276
"ENSG00000139780" 0 0 3.14215606860718 3.83860397700947 3.38237693952497 0.893199404023387 2.19261605404107
"ENSG00000170035" 7.05996536295845 7.67037947820307 7.844788813663 8.22615649786861 7.93215483218086 7.45850701827084 7.26093861412076
"ENSG00000251185" 0 0 2.24117553304778 1.5365183756912 2.25434023510543 0 0
"ENSG00000170324" 5.53989214215466 5.95339769601834 6.99291732617779 7.70184014415143 7.58550442189495 5.53718394388289 4.4085470757128
"ENSG00000277586" 10.2152335233197 10.2016801656424 11.2158996823386 11.5862830581842 11.1824160191992 10.6297348763678 8.99579735812337
"ENSG00000182108" 6.64852742884619 7.12615663353545 7.61719444391347 7.77878429609306 7.68138739468528 7.24681763018348 7.04383670355418
"ENSG00000164442" 6.23827542177844 6.60022455093858 7.10654770797234 7.12689352878772 6.81056181970967 6.25628521634431 4.56184330984181
"ENSG00000140795" 0 0 1.51798650537847 1.5365183756912 1.52886146736678 0 1.13122434280001
"ENSG00000181234" 3.74583309233021 4.02160606751722 5.15658830412682 5.70943586364414 4.67313483763594 3.70066892491714 4.32532370273469
"ENSG00000069482" 3.74583309233021 2.8271216675268 4.71968645776746 6.11756392605241 5.55097616425575 4.8723650051185 2.52651511150797
"ENSG00000100097" 9.48575432938519 8.69893619059262 9.63756149564643 10.0777924827895 9.77463759207308 9.24172038680971 9.1669030691902
"ENSG00000211445" 7.34342562803813 7.09432748024821 8.00619325945333 8.15096292360097 7.13476452314826 6.33499736484971 5.8614935504739
"ENSG00000139641" 6.457935220164 5.80397919263032 6.4009340542966 6.61394010229883 6.2198970581817 5.78160350495414 5.63831330863458
"ENSG00000172348" 8.52875746858827 8.73033949278783 8.97907836235323 9.15324752348256 8.72577517210724 8.77268014538122 8.23927735538014
"ENSG00000091482" 0 1.33579320173758 3.65033332900512 4.01858846835824 2.86498196379929 3.12360222927659 1.75740353436194
"ENSG00000266588" 0 0 1.31679947404873 2.26359683643679 0.703567425417881 0.893199404023387 0
"ENSG00000168824" 8.07683344675567 7.95367871019609 8.49479465181128 8.71804241427229 8.1360833611165 7.67972719405895 6.49638908690566
"ENSG00000137821" 5.662836545987 5.84280947544178 5.80216670011946 6.07751547734709 5.57018906509906 5.17588008879052 4.99781554542711
"ENSG00000167815" 9.96344755964929 9.85984940275661 10.0289972625286 10.3308424420847 10.113528118985 9.84820021573584 9.31176527349349
"ENSG00000105976" 4.13373215869195 4.26975930102769 5.21567345098272 5.54295321097749 4.40004986410229 3.96106176346306 1.75740353436194
"ENSG00000100580" 6.38836622276333 5.84280947544178 6.00000409038195 6.4032877653071 6.23201135102853 5.91056567845695 5.7056782213215
"ENSG00000215595" 0 0 0 0 0 0 0
"ENSG00000002822" 5.662836545987 5.5461001173601 5.40527142429521 6.30265479570523 5.86284648057383 5.61495308277625 5.19823348833734
"ENSG00000196542" 4.90542746730253 4.5766511254384 5.6063271444796 6.74755397238656 6.03866128170391 5.24273537462113 3.93407734409397
"ENSG00000169116" 6.91906442592778 7.02848173266078 7.93325829282428 8.37400845700851 8.01861469129308 6.7105604007068 5.7056782213215
"ENSG00000162373" 6.31527178003647 5.80397919263032 6.61358109863446 6.77285349502823 6.58357234457853 5.63997162992561 4.94303698891712
"ENSG00000122012" 5.97905801339119 4.48142754409122 5.15658830412682 6.23144194772865 4.40004986410229 3.70066892491714 3.0255025038268
"ENSG00000170043" 8.24370451222258 7.98872790518803 8.3190215040528 8.53052942713785 8.37058518739567 8.26234234232329 8.02523440950733
"ENSG00000144285" 7.41514200818714 7.46169516597714 8.01453638795484 8.35738027978328 7.83621883902377 7.05552887439759 6.10549780301384
"ENSG00000260220" 0 0 0 0 0 0 0
"ENSG00000148798" 8.91009552715008 8.93737280135456 9.43957073533756 9.72283399823111 9.18427713326838 8.76132400453475 7.57198648955423
"ENSG00000086289" 6.86886405564855 7.1726212120369 7.99569603827327 8.11184350381948 7.82826112021366 7.44437436850812 6.57054182272921
"ENSG00000183036" 8.24370451222258 8.66141359939319 8.47679228143058 9.04318924179983 10.1806947347906 8.16227903815342 6.62375764145738
"ENSG00000145349" 6.23827542177844 6.40646562040745 7.16767463828619 6.96070662964071 8.17111037382353 7.44437436850812 6.96354736251429
"ENSG00000143499" 6.58775197976514 5.8806219712771 6.88329812355343 7.54914323296278 7.99748062200637 6.77973091153412 5.41500121931095
"ENSG00000186854" 3.21366236369226 3.10780688141094 3.25912017743519 4.97338043734294 6.41316391924484 2.80756775812866 3.39555151611233
"ENSG00000034510" 11.921389696138 11.9526574568625 12.2592547006743 12.4416832293794 13.0054067486051 12.5197792164521 11.6150012700305
"ENSG00000147246" 2.36135090886481 1.33579320173758 1.99358637017994 1.5365183756912 4.11617307222694 2.61911771939608 1.13122434280001
"ENSG00000171724" 4.90542746730253 5.28922788911356 4.89259622797483 5.85867915199778 6.97094909027668 6.43844322664634 5.77003743606038
"ENSG00000163914" 0 0 1.31679947404873 0 4.35644876765883 1.83668005212675 1.13122434280001
"ENSG00000153823" 5.97905801339119 5.5461001173601 6.20344622651645 5.81062660786313 6.93434741234684 6.10278285411953 5.67238891972743
"ENSG00000117245" 5.77612157719996 5.59240946290022 5.90447393225397 6.37051723848266 6.75287633361161 6.10278285411953 4.94303698891712
"ENSG00000041353" 5.88115510947839 5.49825484084193 5.93116119928812 5.90518264319003 6.91193222110535 5.82588420296645 5.05059004331188
"ENSG00000006468" 5.53989214215466 5.28922788911356 5.4794734340463 6.11756392605241 7.19169767320544 6.68674642235082 5.24427102718521
"ENSG00000074706" 6.76289804400529 7.04522704871727 7.34684565431862 7.74082512312655 8.4084398148631 7.89766058166539 6.69178979649992
"ENSG00000177519" 4.69103592437916 4.5766511254384 4.45126385726333 4.17858895480363 6.36996332635509 6.35023727523325 6.58849941893659
"ENSG00000173852" 6.58775197976514 6.05610910402716 6.4009340542966 6.6688792876214 7.23447611143488 6.86708352450048 6.20197053508849
"ENSG00000196937" 8.09877879249804 8.65051113487468 8.51551737657344 8.63079367962418 9.22272703848163 8.64564879262535 7.56293226851543
"ENSG00000082014" 7.810441165093 7.06178023038146 7.36653327879443 7.64816528639076 7.91722734727478 7.45850701827084 7.4198229489936
"ENSG00000157216" 8.18336693954707 8.19788163915071 8.23939788948048 8.40670066806491 8.77835036455156 8.39685235013 7.76593970080615
"ENSG00000145692" 0 0 0.457102687227774 0 3.69398961586311 1.83668005212675 0
"ENSG00000107593" 2.36135090886481 1.33579320173758 2.35066796344455 3.63292134018501 4.96205312951713 2.80756775812866 0
"ENSG00000135116" 4.69103592437916 3.72171582355985 4.23982133666343 5.21403854023346 5.60786389921616 5.20969496092313 4.99781554542711
"ENSG00000153820" 5.25726021564623 4.02160606751722 5.78276002502171 5.60060860047125 6.24402476678049 5.58949300757085 5.10150195783643
"ENSG00000119866" 7.18832132397594 7.59277036091542 7.29983532418023 7.47400627657959 8.12638107790543 7.86089085109385 6.7725526929959
"ENSG00000250910" 2.36135090886481 0 0.457102687227774 0 0.703567425417881 0.893199404023387 0
"ENSG00000067057" 8.07683344675567 8.21278132796865 8.8660576207283 9.12896128532838 9.34070147982701 8.70612690285413 7.97833298064407
"ENSG00000152611" 0 0 0.457102687227774 0 2.05054829298112 0.893199404023387 0
"ENSG00000232110" 2.36135090886481 2.01731066261563 1.08293853470791 2.26359683643679 3.62216683927298 2.40229977579263 2.52651511150797
"ENSG00000115252" 6.23827542177844 6.88702500772754 6.15143351960952 6.43533041911383 7.61355592805138 7.08315582926816 6.4381610619317
"ENSG00000198785" 4.90542746730253 5.23187064064617 4.69912978348413 4.68437922095782 6.07945996072743 4.99378548986021 3.39555151611233
"ENSG00000074416" 8.83363781509999 8.29208763419895 8.45856243065484 8.67171890103702 9.1622889785189 8.85778451766513 8.03181185729419
"ENSG00000197702" 5.40548628379087 5.44876824423049 5.59524499610517 5.54295321097749 6.25593897160287 5.73592054439575 4.82681525600245
"ENSG00000186867" 0 0 0.803693482778239 1.5365183756912 0.703567425417881 0 1.13122434280001
"ENSG00000248485" 7.18832132397594 6.73017546688705 6.28157067518069 7.20331920072319 7.94692944365835 6.19006946341789 5.33216020183489
"ENSG00000169282" 6.31527178003647 6.53057852811186 6.71944356853414 7.27589915104612 7.38853045866775 6.68674642235082 5.2888847885741
"ENSG00000189068" 0 0 0.803693482778239 0 2.25434023510543 0.893199404023387 1.13122434280001
"ENSG00000155719" 0 2.01731066261563 3.31422831050749 3.39296018271481 5.10063787762981 4.91398433540225 2.79747532905543
"ENSG00000198846" 4.90542746730253 5.17213828629444 5.15658830412682 6.46667683245693 6.72742997393093 5.42650728633344 5.05059004331188
"ENSG00000227071" 0 0 0 0 0.703567425417881 0.893199404023387 0
"ENSG00000174521" 9.07415934557347 9.26140193607247 9.56841004481828 9.8997644145661 10.0567674880601 9.595105735277 8.81694655493216
"ENSG00000152595" 0 2.01731066261563 1.31679947404873 2.74476548981581 4.70824630906326 3.12360222927659 1.75740353436194
"ENSG00000117632" 10.8048066918789 11.0884405028932 11.3274637883945 11.604011968765 11.8382347797295 11.5780142174436 11.5563320576987
"ENSG00000133398" 6.52430325604576 6.99439648579327 7.07099038664242 7.29348762193082 7.29923699091065 7.40842492166 7.03076162078313
"ENSG00000228999" 2.36135090886481 1.33579320173758 1.99358637017994 1.5365183756912 2.59173065029764 0.893199404023387 0
"ENSG00000071575" 5.88115510947839 5.5461001173601 5.67108971042818 6.46667683245693 6.70152671869977 5.99055100389175 5.53097371541738
"ENSG00000153266" 3.74583309233021 3.54460847810707 3.65033332900512 4.57357022884811 6.39172531857165 5.68874359614103 4.7649937282156
"ENSG00000122254" 3.74583309233021 4.37947186850289 5.14143102388119 6.03632348527496 7.35014275150774 7.16299754145869 5.2888847885741
"ENSG00000206531" 0 0 0 0 1.17444062727231 0 0
"ENSG00000083720" 7.34342562803813 7.71292233506552 7.72534518172092 7.74082512312655 8.17425287834155 8.07782611250365 6.99080997924886
"ENSG00000221986" 0 3.72171582355985 2.54749123983543 2.74476548981581 4.21713369954908 2.97422149699424 2.79747532905543
"ENSG00000060558" 2.36135090886481 2.47830572678087 2.87524855797297 3.83860397700947 4.6371474826175 2.97422149699424 2.79747532905543
"ENSG00000129009" 6.07073722693058 4.37947186850289 4.47564147882377 5.21403854023346 5.42999392256493 6.9889310374732 4.88609614106283
"ENSG00000153234" 4.69103592437916 2.47830572678087 3.95777565249877 3.63292134018501 5.74943364430418 6.65027179046195 4.99781554542711
"ENSG00000140563" 2.36135090886481 3.10780688141094 1.08293853470791 0 1.81315813492708 2.80756775812866 1.13122434280001
"ENSG00000276644" 2.36135090886481 4.02160606751722 4.21107143648655 4.01858846835824 5.1778180954131 5.97096655419376 3.0255025038268
"ENSG00000196358" 6.23827542177844 5.44876824423049 5.55004498236663 5.99392071998122 6.74444398497138 7.13687153352497 6.31414191147493
"ENSG00000271824" 3.74583309233021 3.34267610392821 3.25912017743519 2.74476548981581 4.87202614938598 5.86884616720991 1.75740353436194
"ENSG00000082556" 3.21366236369226 3.72171582355985 3.20182313243903 2.26359683643679 3.19705512054682 5.10577550827337 3.68979734674738
"ENSG00000108960" 7.10403180334214 7.68113338092013 7.47025987983621 7.24006555211151 7.68579808182396 8.23386715759167 7.18034590914107
"ENSG00000128422" 5.77612157719996 5.80397919263032 5.37966438669075 5.60060860047125 6.93434741234684 8.54327946031053 7.39962246743701
"ENSG00000172673" 3.74583309233021 2.01731066261563 2.94674554864879 2.74476548981581 5.01909419785657 5.73592054439575 3.39555151611233
"ENSG00000171246" 6.23827542177844 7.85265731461553 7.09479237279719 6.82215924166947 7.45205102885041 7.88725022198288 6.62375764145738
"ENSG00000060656" 5.25726021564623 4.26975930102769 4.85592296161451 4.88332937587897 5.2026537862921 6.45263381210674 5.9193943553552
"ENSG00000162745" 3.21366236369226 2.8271216675268 2.1226857209443 2.26359683643679 3.62216683927298 5.51030054914858 4.04227590899807
"ENSG00000075886" 0 0 0.803693482778239 0 0.703567425417881 0.893199404023387 0
"ENSG00000196407" 0 0 0 0 0 1.44072942100881 0
"ENSG00000162630" 5.77612157719996 5.80397919263032 5.5614784396719 6.52739754462609 7.2524284222742 8.08695231662351 6.90742613885175
"ENSG00000115593" 0 0 0.803693482778239 0 2.59173065029764 3.12360222927659 1.75740353436194
"ENSG00000124772" 7.26795688304522 7.76439522874979 7.19729353255701 6.91598638384038 7.46750360018601 7.80114709223432 6.45783268679847
"ENSG00000118242" 4.13373215869195 3.34267610392821 3.56202037253687 3.83860397700947 4.26508248079328 5.14125357880898 3.68979734674738
"ENSG00000175471" 6.38836622276333 6.77101528801901 6.4261695948208 5.70943586364414 6.03866128170391 6.88811957864359 5.8614935504739
"ENSG00000180616" 5.09204263262305 4.15101162259477 5.09497962433353 5.42023269954273 6.57408657600483 6.86708352450048 4.70040399633346
"ENSG00000167178" 4.90542746730253 4.48142754409122 3.77342595962286 2.74476548981581 4.70824630906326 5.48290667787672 4.4085470757128
"ENSG00000165023" 8.41090946613187 8.95520300290873 8.7446787825977 8.92967138588094 9.86395103745082 9.97650530240701 8.62584569937841
"ENSG00000115159" 5.88115510947839 5.98845363641905 5.49147770239613 5.21403854023346 5.95343044606565 6.25628521634431 5.7056782213215
"ENSG00000196376" 6.31527178003647 6.40646562040745 6.69369725737705 7.3450019395006 7.84807371688537 8.24613969167388 7.13218740638382
"ENSG00000168702" 5.662836545987 4.82957357618409 4.89259622797483 4.45353693609818 5.84718035825804 6.45263381210674 5.49334262457106
"ENSG00000075213" 3.21366236369226 2.8271216675268 3.36730864113917 3.10496447509725 4.35644876765883 5.58949300757085 4.56184330984181
"ENSG00000163630" 7.96180143137415 8.36058629190884 8.19604238166075 8.36571832484023 8.16480475475451 8.39685235013 6.72463945534167
"ENSG00000167964" 6.58775197976514 6.57738075549867 6.6353841619311 6.49735661959566 7.19169767320544 7.30272246507551 6.35667726188943
"ENSG00000135046" 4.13373215869195 3.54460847810707 4.71968645776746 4.97338043734294 4.90266360835715 5.73592054439575 4.6327864862569
"ENSG00000218336" 6.07073722693058 6.05610910402716 6.04956268868786 6.23144194772865 6.34786803654743 6.58735349579532 5.24427102718521
"ENSG00000117154" 7.72835700477202 7.88091752315245 7.85411637661739 7.51955635836458 7.64560787481558 8.25020744584696 7.14437857895497
"ENSG00000166257" 9.22145628736327 9.48958906941834 9.23433267566978 8.71151514086624 9.11564733437607 9.67140992677931 8.30591612160505
"ENSG00000224982" 2.36135090886481 3.10780688141094 3.25912017743519 0 2.98436957527839 4.64409456406443 4.23700401673933
"ENSG00000169032" 8.0089204652496 9.26140193607247 8.75716234969008 8.58867354539755 9.04014824090117 9.36500793957662 8.2335826494872
"ENSG00000172575" 6.31527178003647 6.90548440627355 6.96735829720104 6.98255743661279 7.43118671916191 7.58628254889679 6.05472921159686
"ENSG00000167077" 0 3.10780688141094 1.85178900025299 1.5365183756912 2.86498196379929 4.59376253591868 2.79747532905543
"ENSG00000136535" 6.70684579065622 7.01153976953645 7.33023154759273 8.0614036738788 8.17425287834155 8.45086973252982 6.7725526929959
"ENSG00000186469" 7.48346155683643 8.11306358813471 7.3335697104704 6.49735661959566 7.1412025206241 7.88725022198288 6.83405794492715
"ENSG00000114450" 5.97905801339119 5.23187064064617 5.11063019455063 5.70943586364414 5.68038458183293 6.25628521634431 5.97506076836364
"ENSG00000152503" 6.58775197976514 6.38030832528862 6.35568099081013 5.99392071998122 6.19535896345376 6.68674642235082 6.29239452092666
"ENSG00000198574" 0 0 0.457102687227774 0 2.05054829298112 2.40229977579263 1.13122434280001
"ENSG00000248540" 2.36135090886481 0 1.85178900025299 0 1.81315813492708 3.25895663371016 0
"ENSG00000170290" 2.36135090886481 2.01731066261563 1.85178900025299 3.10496447509725 3.29268968254439 3.60226387268746 2.19261605404107
"ENSG00000170381" 4.43912872440513 3.10780688141094 3.25912017743519 3.10496447509725 5.49175284565667 6.87763989228519 6.05472921159686
"ENSG00000182601" 4.69103592437916 5.28922788911356 4.21107143648655 5.65604813895256 6.29110237594986 7.0273625300186 5.97506076836364
"ENSG00000113441" 6.86886405564855 6.68814578753447 6.87415792908282 6.82215924166947 6.88149304643731 7.11026366581395 6.84903311277489
"ENSG00000182575" 4.90542746730253 4.37947186850289 4.15179358277027 4.68437922095782 5.27469423856476 6.13833369467777 5.94749603139407
"ENSG00000102780" 4.90542746730253 4.5766511254384 4.71968645776746 5.48289743967477 5.27469423856476 5.82588420296645 4.88609614106283
"ENSG00000118407" 3.21366236369226 4.02160606751722 3.20182313243903 4.01858846835824 4.26508248079328 5.24273537462113 4.32532370273469
